(
Scf00260_64500-66878:0.07655,
Scf00260_64682-67270:0.00000,
Scf00260_64683-67277:0.00040);
